0 1 1 1 0 0 1 0 0 0 0 1 1 1 0 0 0 0 1 0 0 1 1 1 0
0.23616802641200652 0.22226425347691026 0.8998746518807685 0.029729303509656635 0.42342092004695653 0.5505554110968216 0.5209458839794373 0.3109908546024299 0.6025702282461067 0.11550707667842686 0.5409738658207146 0.24233265609883614 0.3801974745077954 0.7557178191988496 0.10043499361025288 0.5117339502586337 0.6251335491625758 0.46263418385048005 0.3461146333450329 0.9754220020115074 0.36677527277724176 0.7316521011083077 0.7885466366432865 0.8971559693149499 0.8048532306979618
0.1885244508866449 0.41305463660283204 -0.5253736254359804 0.21443242231681933 -0.8025440489579376 -0.4545714751595759 -1.4993000156927878 -0.7562920533051445 0.8666305898060539 0.0002611638619088348 0.26706920812243845 -1.0479752367576756 0.28450658994073974 -1.3864085208966581 -1.032400288842126 -0.6668028241318696 -0.4617328480464788 0.2579622782902218 -0.8408977712803621 -1.0328772582489743 0.7099983923545069 0.6910623363858612 0.5730920907108397 -1.4590453458111639 0.9382879186293865
-0.4004445122434211 0.43510590396576226 -0.1457403000882453 0.8843303358738043 0.10002957393951048 0.13860641420270647 0.15723837263190588 1.0177979662888559 0.918131126312422 0.30416411487322975 0.6780891507189492 -0.09383388837649734 0.17741946001704065 -0.1570757858183471 0.23874678503172034 -0.008257762653465492 0.6981193536075491 0.4099112704081694 0.5150404433619037 -0.26205480807497916 0.3085419759324963 0.23584224812086488 0.33826108915058667 0.447017566771484 0.5512495402024765
0.7391825642382518 0.3551569723683495 0.22399838916685091 -0.05071058618402147 -0.07788089381941318 0.35521392297466675 -0.7740019638911165 -0.10169705179775719 0.5874839736649908 0.6494315246521983 0.26722746881675424 -0.8343204068637645 0.6646569835854906 -0.1262112131825177 -0.9304636242413712 -0.004146207174086401 0.6057382048017848 0.32111399853764033 -0.24764454716529077 -0.4746591571483436 0.4097767530485208 0.8424176069815079 0.918477914144292 -0.7896594418139798 0.5825253188233802
0.5349757182747297 0.19335531698683572 0.7660010546105295 0.20694285761117737 0.5738188587544151 0.3964891868368975 0.29643857485351766 0.7463431477553493 0.10949519414164144 0.8491460565470855 0.6257471691643736 0.950553800117913 0.9530783117924087 0.6382971127803563 0.9542948319202202 0.18998043333905323 0.09150499871893891 0.7506242557400856 0.7703953207714738 0.7842091002532036 0.6737308982555653 0.7009937206505347 0.14394172423421014 0.19368800155489663 0.6436488190432998
0.04519506354137259 0.7503419112241295 0.5713155676242804 0.37909263691442463 0.6456453393802654 0.9853492425249905 0.8968703160571877 0.5847823585025314 0.05539812139538103 0.6392195575040891 0.8950974409777176 0.3212206885470177 0.7811670109244659 0.34601968340048506 0.1764658538640963 0.4993404929321269 0.16865459972296448 0.26465614493421663 0.6751963457151026 0.17342741411134788 0.8498403619959205 0.5977684953360517 0.8685468149674782 0.7146022291671148 0.029019979885861025
0.6039141479600493 0.08941071148106013 -0.5134395295092524 0.45261220866791113 -1.0100185145985183 0.582103611468242 -0.8933449264771469 -1.0597147982247364 0.728919966436714 -0.04242590537364549 0.7431356044963278 -1.6699646834997306 0.18120322785140355 -2.080175989535203 -0.2962371415388029 -0.7453680513559818 0.13133920366445173 0.31565713620074237 0.06167093047814755 -0.9373492732141974 0.370314084044931 0.19938003632252257 0.14483285797887527 -2.1222004405898094 0.7957077849830568
-0.5931753938724317 0.2390037717437821 -0.02709078677583274 0.6692385107403731 -0.25433265865247867 -0.38761857124922205 -0.25028606419539623 -0.3574324851210636 0.9970237973464311 0.8238364155959474 0.9458867461901508 -0.10276492415797706 0.6420301919172874 0.33273917958081634 0.5026242126848328 0.25288641106163656 0.38532331137670794 0.9550553431035834 -0.560059868065142 -0.4638137377583433 0.7903179489943047 0.8371505798857134 0.1867619220723581 -0.2241172446298407 0.1681015120020124
0.06217786454979824 0.033190806301420406 -0.12628630326626727 -0.09012658005126034 0.7106244020043522 -0.06937098160127378 -0.57181891797215 0.8151567993677378 0.6310118396423401 -0.2569114865306624 0.4629071310037601 0.3885992472638744 0.219453608930693 0.6790851591607161 -0.42268202452498127 0.4318967085088222 0.18068429765743352 0.25401866811217716 -0.09853010947720324 0.09907550347897832 0.9571712297767108 0.336327038100897 0.34819237755583754 0.8586177101040934 0.4143742014558488
0.9737951892262162 0.46710819162046524 0.5283218558592588 0.7604059233220036 0.7926472856064751 0.8684695147424432 0.5013078001904073 0.5820977893913523 0.8459579375465468 0.22040496851807023 0.5225185510475209 0.10918412931566512 0.1819425182520531 0.15349465821013353 0.1315680175706514 0.2641673685989 0.8965272869442578 0.25605165723825274 0.6523648024230119 0.8017175757441832 0.4572337478516473 0.29184148786059894 0.858573466675945 0.8884549205490093 0.21558986792652102
0.7380832811154131 0.6601482644755726 0.7164863041405591 0.38909793346435795 0.499779406820986 0.7977902945618086 0.07980037440999566 0.6172041029216241 0.9549563317945534 0.6404531819690509 0.6199396413890007 0.320478448272541 0.03409277104906483 0.9423722576345375 0.33575004303372735 0.8398946765150492 0.1112166288860118 0.20669636686350779 0.3102659535373298 0.5279206229929112 0.3499909194250106 0.8608089369949546 0.3540204937668817 0.4869437326497025 0.42546040732545354
1.0356023493820823 0.8426075630276213 0.331253755313569 0.11042624488178455 0.6651420817011591 0.5034058185041377 0.5311093358323993 0.6111221065455804 -0.00797735603250012 0.7222858550293701 0.5497455403613148 0.5775275381653382 0.27088512633632517 0.8335329362993665 0.5038544180661395 0.3157661109613575 0.10367822344994881 0.9348592033890865 1.041138743945285 0.3102876114316773 0.03859681042119513 0.2162152490462462 0.08537454435015555 0.7103422199838358 0.8086907702541273
0.25208538919412254 0.09297924796032936 -0.3254349180662221 -0.07082407086712894 -1.072612290664499 -0.4273247139747017 -0.6091756557845756 -0.624303206558676 0.7648745041279389 0.30045388545233565 0.6906109641686597 -1.0948398539533342 0.511511194586033 -1.1579964131885363 -0.5632450592668921 -0.993916462984476 0.3330110063803025 0.4364103128000083 -0.5416938525590257 -1.142087491147221 0.6619115909931259 0.4876982489106775 0.6058791690428975 -1.3558227479817917 0.36184105324080074
0.5494856906340763 0.8868674568225888 -0.16242344111835 0.8282347689417348 -0.26827210458564893 0.9253377184652063 -0.3692808899903261 0.2805060564723327 0.6229217478327255 0.3147502595899559 0.36375303478936766 0.2817502814014241 0.8563051892231851 0.07857376323997883 0.42287289096898106 -0.20885090099349693 0.44306554684410365 0.9488103605367016 0.993024045725757 0.4107959192927196 0.5731066287476612 0.7740441195231866 0.22382776460111525 0.98573955700427 0.7432773409038429
0.10540581459785647 0.6637511622940584 0.9707319906459505 0.05702300430030771 0.5404465653526895 0.04764835450929239 0.870493802389568 0.4706238625596306 0.8565670440134172 0.3230920692440239 0.41233828608685696 0.47012959376490304 0.5130688675912911 0.6278142468963214 0.8879111189258324 0.9452811866858273 0.0224970211872757 0.33287398745633623 0.33068269788529336 0.8754931775970068 0.4762042655051777 0.9634363878999879 0.10892465862568002 0.7990741702856121 0.920968545709106
0.7687733894056652 0.15634726030741952 0.4166520434659551 0.8902569953288064 0.22808513484474302 0.5641837608465918 0.6801229945090651 0.2857232071213107 0.4927254743320222 0.5702175051697473 0.38425637553486625 0.9578342750783253 0.735282228872308 0.5065943193093381 0.027086672650946997 0.23112067612372456 0.10889641650536241 0.9202233382984174 0.27576522779199253 0.7249581918850375 0.9748117863723595 0.9699220377735998 0.8890413266247664 0.8818781940299615 0.7178551060551318
0.37293051312768366 0.23241895623737513 -0.4210932823301877 0.3909186923587542 -0.48313819663095986 0.39064477027395295 -0.4312733783998249 0.8913403325053427 0.26595038078766725 0.44217542743819654 0.8098172832924948 -0.6671043942137823 0.11118757054085092 -0.8393169235132564 -0.5047700990383617 0.1487056976641615 0.8788213324784958 0.6526601504977784 -0.1477879304236738 -0.3757216766317228 0.05907389880034623 0.6003611496493056 0.4233769820312733 -0.6827798892120186 0.0134840746995413
-0.6781314080538732 0.31871938796877775 -0.35785706987968413 0.2169013413770601 -0.44519652094955664 -0.18987440681080556 0.16335247360031593 -0.7888527732255435 0.8357338692042147 0.2414484408508247 0.23823158628187246 0.5827249369633252 0.5386771586734129 0.13152899163864176 0.2999798793120723 0.5454411577288951 0.555442696952892 0.7506203930116312 0.15279922640469196 -0.39892544169216176 0.12599164668784069 0.02927902954767799 0.6365422426447914 0.44227118653285885 0.7492059286055999
0.23974093287806567 0.9202690104278602 0.5906477318163651 0.3633351617456712 0.19342263171647528 0.5997992456931811 -0.1265354330527437 0.06241848762587268 0.8766083822345031 0.25830493527438364 0.36912907249586796 0.00039268585553922577 -0.03642739762683814 0.33250444534205875 -0.30373658727675157 -0.45162437160996954 0.1850123782181152 0.7213859813591186 0.38775950226081 0.8574157940792669 0.4559686185246434 0.43369072689562466 0.09969681501801379 0.18456305968831635 0.8295772599276389
0.43178013625070066 0.5817365466834837 0.08782933950194005 0.7668840859347535 0.018763859930246096 0.3964692322614919 0.883009792669842 0.3062294668827561 0.3025993320222512 0.4811139559801634 0.6232869505557308 0.4688445078900857 0.1593427617261658 0.7680443896904742 0.2576974924308708 0.7696963750001867 0.12395259100140987 0.4388307007886252 0.5589376889368346 0.7599319381510632 0.30049082261599513 0.8076696909881185 0.7070103121210182 0.5714249374489819 0.4190667868768423
0.7532266795451381 0.6306266026992277 0.769584352082133 0.5604548686168126 0.9959125830368544 0.8352267942684064 0.35124594987345426 0.5361388560267605 0.6024908871324998 0.21695039482366507 0.8377400469284972 0.3225831222678809 0.2956482969373181 0.7037848826341708 0.6572405523963468 0.15994993632070154 0.3916853234033072 0.7537412091382171 0.6456923108272934 0.1492992250769165 0.0958095223303358 0.058497255939406356 0.9342337147092793 0.8481580724372395 0.4274383495782531
-0.22439194866341644 0.28476227912818103 -0.3719839089639213 0.08076850881352146 -0.3596091601924917 0.21513964599017812 0.36683304288617696 0.6553455121941542 0.9013090325665403 0.43771187613162094 0.15624955537144988 0.10831714359033096 0.57904785386686 -0.30973087144485856 0.07198613729788486 0.1310080250279406 0.14881022858509074 0.8971378320589678 0.7303074356196417 -0.29481094458037527 0.5525613447195371 0.5271236726442456 0.13571495272592143 0.35449976899255303 0.871716372263882
-0.08690173124981838 0.521061836416535 0.09818818549634771 0.08681536491008063 -0.6430864964960546 -0.04724012891187949 0.1329055049006267 0.16149063797692065 0.9737207849114724 0.4152557908227971 0.2530831392664227 0.21677338874570304 0.02086954242676073 0.18761815536247775 -0.1826134168512459 0.30310465718489144 0.4788974112393429 0.03431457410204536 0.2505304493418903 0.03696787865751383 0.7312074040622893 0.18722739070377611 0.44641131992517985 -0.15575604674166102 0.6662341514309192
0.3092731356075535 0.6255854322789977 -0.45610762328310867 0.6359890987338235 -0.41284076352647264 -0.5405580197884744 -0.6035012172322366 -0.45181188414113677 0.9458191599673991 0.5840236593637491 0.8634962430258788 -0.5710362393845412 -0.2153101955004148 -0.6245185609552526 -1.1938100831962695 -0.8271365734675759 0.3741609627534615 0.6399046280164526 -0.6908443231582583 -0.454567324484261 0.6807405837105344 0.7550988133424282 1.0136402806356832 -0.858852188094001 0.3443180325099146
0.21297287786426566 0.5934615927035328 0.343390384656556 0.5667660107127769 0.16066184000833394 0.9001390788836988 0.2547183836658006 0.8743544841828693 0.2781706161036771 0.3419291317818174 0.6408367802889454 0.636626160949256 0.5316956571920425 0.5509097833421129 0.06351360276152351 0.20648554785262607 0.8819964957401198 0.9234339119877223 0.46330894567143277 0.26517101243865504 0.36774503497777145 0.1229438822684551 0.5434339572562006 0.4975013930097426 0.871501705936056
0.700532627224125 0.7072378944556447 2.133847432690955 0.6736933764529058 2.034939759829447 1.2799825355429464 2.0035188957739316 1.0163483127366828 0.5587513055881763 0.678119036886737 0.8284300364714001 2.177542611967745 0.4281883133695976 1.5694960559397244 1.5906765465646686 1.4239697837920533 1.4331384055025327 0.5949023922102692 1.0614451328628844 1.3213819959550268 0.5653688302074045 0.5707204917527814 0.43552537211799847 1.90293918315062 0.49832760970224327
sigmoid
0.9244907532751482 0.9915042716706521 0.03259074882044289 0.9459279838659076 0.003258387618078058 0.6384917938642188 0.00336610795439502 0.22728502327694383 0.9995095481938544 0.9632447100248585 0.987546732875806 0.0018242173296619327 0.9461669814187587 0.002523889832571159 0.007723068086576291 0.010148367278956925 0.8329334896012185 0.9951437753781044 0.6443570231535842 0.013327557605266709 0.9928067841981076 0.9916665563279925 0.984477536643924 0.0025677179296503014 0.9990844871186662
-5.595465823477972 0.8257188930543068 1.841427901596631 2.5196165161784605 1.758579440785099
-1.9264361430350272 -2.0922720048225756 1.9721570486680178 0.7082242895349251 0.5935325742204529
-0.40726983516076626 -0.7618825567819385 1.6151470192759896 1.9241247646856379 -0.5742076753856039
1.4701539857197383 -3.523275324294707 1.4446749318373482 -3.9886979243671696 4.14966573555156
-0.1692084555648752 -0.361241615698281 2.0180122792887425 2.46501566351615 -1.3488757894294756
-3.2841403175840878 -5.031630975488291 -0.2953672806828789 7.702004540669184 1.7297812932186607
3.1139702380817096 -0.22729891321357054 -0.0772009722895923 0.009319495083489233 -0.08179830480077653
-3.1281261636437394 7.25944566185915 7.099685241201192 -3.668235971981576 -5.397832433334706
0.5648332003341842 0.6688667831393613 -1.7931597620870896 1.3514165675459118 -1.6169031868283508
0.7046751325053834 -0.0903104648620433 0.06393628763403678 -1.725866800298842 1.399875679620249
0.4866194121074445 0.496087216587977 -1.504517500174342 0.3473660777903207 -0.9662481829548765
2.125101237734108 -1.1685771930769904 2.7147933079478666 -0.25494389132154316 -0.9246196774742063
1.4641378818543784 -1.3833909335096013 0.059221871994238555 -0.6524514507886043 0.33485793142399833
0.03977863112989041 -1.3952709452302934 6.229238851463668 -0.4821223718843364 -1.4789340346272337
5.309331817897282 -1.9250696043710802 -0.43563153175218045 -1.1539166008752073 -0.2739512132985246
4.7594029163235945 0.8149833155763216 -0.7051450688859161 -1.3582783507728324 -2.6906699350733603
0.40696847575669554 1.6580294537538394 -0.14040671503065455 -5.135538268777114 3.7028582186692645
0.23269159239794154 -0.9989538020047802 -0.5895494355937022 0.2599991148655096 -1.0576317336127574
0.031443677368358465 -3.8429479770082335 4.448587330830732 -4.400873354241085 5.723155915535062
-0.6798989854062145 -1.3902316724246655 3.694909888411483 1.4502943352296749 -0.6881693577388425
0.19809826680077314 0.8500298057657899 -1.5885247260164839 0.9714754240749053 -1.4479427454198106
0.28183181120896117 0.7870765577443242 -0.6869480156839093 0.689352907613713 -1.6971928896915482
-0.3218668677191909 1.5754039880259094 -1.293711321558389 -0.08970628720919915 -1.4336087685192953
0.16798957787922703 -1.7976561245225855 7.476538846983454 -0.42221988274918193 -1.8452825601392295
0.17999571148403593 -0.20505508283695104 -1.0719625851303554 0.4928114741974439 -1.6922256952086931
0.1997112804151492 0.6238524916445356 2.912056642166235 -0.23651778754212904 3.0654169771175512
sigmoid
0.010162839595523708 0.0019289889602218855 0.14107107222878396 0.17154342949289783 0.7639835810726697