0.7 0.9
0.21461293593552716 0.11214782396392943 0.4734542805400962 0.4527786978340824 -0.2024072233075957 0.44494878318787395
-0.031200433444871167 0.38843149559493834 -0.26626657353715993 0.3539553187361287 0.03439110137785779 -0.2474066524258886
2.1146813089097867 1.339129685266506 1.0071321826854431 1.8162033280615848 1.5768626591121913 1.5956310571069372
sigmoid
0.11996025668471 0.2867809401763133 0.28585830115282007 0.23488919905317607 0.15605718408756528 0.18137705999680537
1.7370058022499215 -0.22188290750130998 1.252383741714164 -1.2322075955049583
-4.826856519006923 -5.003133311434759 6.876860846475628 3.045981415089181
10.271479699540826 -1.9902669827381758 0.5212506038592244 -8.132763043862306
-0.05488406378464685 -7.382129714609839 9.017708774821946 -0.8949072027757307
-2.227670022925394 2.1377657732511635 -1.0051840670029326 2.292397767264391
7.362882543467191 -1.780859458851844 0.5255617874521418 -5.2602938200094895
3.8979797275734014 -2.247813099297784 4.607438024982402 -1.5984020423839642
sigmoid
0.24342806616667 0.1841990367230811 0.4082585644051153 0.3179957694544221