0.7 0.9
-0.09893268516963205 0.5717425532922309 1.4582706842772808 0.7844509403628281 0.8484930181362903 0.7480731578522842
-0.12197022929940904 1.1424383845535644 1.8315765045680734 0.5704260406834069 -0.7403398071298245 -0.7697570600714567
1.8160858619554618 1.2513563605606781 2.602983427077544 0.43225085543126085 1.7378375383275235 1.056494242432986
sigmoid
0.12099676049072985 0.5367024382317215 0.5047408948094326 0.6511679390313945 0.14210417032393427 0.22941819311369058
-0.93324533499547 -2.3809136925750725 2.3060902885324963 2.2650477513333778
5.66194376654498 -1.1195719391237942 1.8705714052675242 -7.746649362639397
10.777044653947229 -3.8950342012120105 0.8854103556772773 -9.858490543577071
4.971456221317462 4.212937554844251 -3.1303440368813185 -6.349673000199756
1.637151337398251 2.966279527927772 -2.5784976606818266 -0.9111962503016768
0.6232319942961513 4.819576786265225 -3.771031225788024 -0.7943176394794483
10.382292134309793 3.138763254352985 -0.8864189976703369 -7.346580256785836
sigmoid
0.8279295310850173 0.15412150033306649 0.3616099812337477 0.002574819577661904